<?xml version="1.0"?>
<opencv_storage>
<image_Width>640</image_Width>
<image_Height>480</image_Height>
<Camera_Matrix type_id="opencv-matrix">
  <rows>3</rows>
  <cols>3</cols>
  <dt>d</dt>
  <data>
    7.3195625543072958e+02 0. 3.3176355590852597e+02 0.
    7.3483582422477082e+02 2.0663122731015707e+02 0. 0. 1.</data></Camera_Matrix>
<Distortion_Coefficients type_id="opencv-matrix">
  <rows>5</rows>
  <cols>1</cols>
  <dt>d</dt>
  <data>
    3.5477419528829024e-01 -1.5031117953552202e+00
    -3.4083848888536897e-02 4.3038195233749089e-03
    2.1220483883360979e+00</data></Distortion_Coefficients>
</opencv_storage>
