<?xml version="1.0"?>
<opencv_storage>
<image_Width>640</image_Width>
<image_Height>480</image_Height>
<Camera_Matrix type_id="opencv-matrix">
  <rows>3</rows>
  <cols>3</cols>
  <dt>d</dt>
  <data>
    7.7052429034241379e+02 0. 3.1482966465264741e+02 0.
    7.6778958173190449e+02 2.3907210684508675e+02 0. 0. 1.</data></Camera_Matrix>
<Distortion_Coefficients type_id="opencv-matrix">
  <rows>5</rows>
  <cols>1</cols>
  <dt>d</dt>
  <data>
    5.0780568409342663e-01 -6.1294833686694785e+00
    6.6654918593438714e-04 2.4363853363117975e-03 2.3585896580293895e+01</data></Distortion_Coefficients>
</opencv_storage>
